4.815073983484015607e-01 4.517083715120223109e-01 4.020904174051740387e-01 4.052771799043169976e-01 3.059235611463523297e-01 4.418475010218267940e-01 4.740995302878973083e-01 6.218619423703027893e-01 6.578876161227252828e-01 5.530510746846607484e-01 6.608670150852846703e-01 5.674893334667274747e-01 6.440703153747932008e-01 7.623622218255359240e-01 5.260140729379694235e-01 5.010231940800351502e-01 4.443531795581764365e-01 3.965262145476259881e-01 3.385126082446651696e-01 2.897447202135944866e-01
3.510491288840051349e-01 5.689676611591822919e-01 5.858897633406653371e-01 5.536111271029798830e-01 7.311076647694617625e-01 7.460327580619753318e-01 7.179285903980161532e-01 7.411979172352346490e-01 6.309672328321564994e-01 6.686808478858152771e-01 7.718727024051389440e-01 7.706016868503360318e-01 7.601068253638296746e-01 6.663486048387529115e-01 6.236983942000805525e-01 5.158761779908058731e-01 4.726538489878419069e-01 2.377386786801427010e-01 4.232953386316503086e-01 4.332840374306435316e-01
5.567249820291961804e-01 7.689142572465168524e-01 4.458141738868683923e-01 5.805031984712057946e-01 6.937011912647400580e-01 7.530818315452685319e-01 8.705453422240330141e-01 1.036351266991392794e+00 9.396693217376858032e-01 8.303667734281635626e-01 9.237009898963957077e-01 7.657835566833851582e-01 9.362171019803118277e-01 7.606072390691136498e-01 6.243880988792129827e-01 5.900322547557245167e-01 3.900258911612616286e-01 3.876011163125032688e-01 4.041939750433625189e-01 4.618944887961611290e-01
2.635010879617606383e-01 5.582791238512153642e-01 6.032394289598370651e-01 3.532029727074422198e-01 5.387267568797607931e-01 7.139707765584395460e-01 8.525007094260793616e-01 1.070636253881557476e+00 9.945345522563688867e-01 1.108274465118858298e+00 1.403692577965061972e+00 1.238620849656641765e+00 9.741503164975674478e-01 7.645498312135212693e-01 8.867489728231149337e-01 8.313065148001769211e-01 4.469541999449654357e-01 4.683263531117242140e-01 3.377402873536461958e-01 3.929272290628348929e-01
4.654995170654144809e-01 6.884688575548990608e-01 6.777314666947747979e-01 5.636285670888205868e-01 4.533617413823533004e-01 5.044846576651309533e-01 5.877824851262214434e-01 6.674776655284394566e-01 9.159796455767659218e-01 1.211367926216988300e+00 1.267052517473338247e+00 1.234916527511827455e+00 1.307481825338002723e+00 1.194409424720579649e+00 1.005709185293498287e+00 8.135694894933757082e-01 6.814536546971990960e-01 5.821315321660747166e-01 4.337022244805338045e-01 4.135634677694461914e-01
5.707223908077121433e-01 6.791127035134039147e-01 8.357913332410171758e-01 7.332969136450926406e-01 5.723197900470646804e-01 4.263741337375930307e-01 4.714622394989068654e-01 5.199353891958147234e-01 6.656211793633870499e-01 7.712460191034201662e-01 1.148933655253124630e+00 1.405127090999936712e+00 1.396470326967121478e+00 1.486202373518368702e+00 1.175794305224076686e+00 1.088668758307989037e+00 8.303615392715874011e-01 7.194230769295457684e-01 6.320950204124353711e-01 4.922294268959073738e-01
6.197809030924059659e-01 6.431980422225115346e-01 9.254201427614952014e-01 9.753705914351445960e-01 6.347870752657227555e-01 5.092200496280026023e-01 5.786516921437385719e-01 5.120747640579931259e-01 7.107560932393345299e-01 6.903761366016574197e-01 8.304884937417366109e-01 1.070433346369379590e+00 1.346767193456297695e+00 1.354507321690060273e+00 1.319864285235813783e+00 1.039102228144245021e+00 8.425329323360211120e-01 7.606266795196745534e-01 8.348320828227666635e-01 8.074463613814751861e-01
6.214773682312177971e-01 7.600721264814315203e-01 1.000748624210187732e+00 9.012056553251679425e-01 7.447880806604165738e-01 7.341501739395079884e-01 4.007846061282819283e-01 3.764516874858329087e-01 4.123854420759989758e-01 4.522428655347147108e-01 5.914403462498787345e-01 8.713619813971461570e-01 1.051561196230808459e+00 1.346499675549418962e+00 1.310574269477700282e+00 1.209502971338167310e+00 9.472871564417535417e-01 7.830983146088579261e-01 7.308547895325441246e-01 7.161374854193285344e-01
8.533309081029205601e-01 8.421453136425341990e-01 9.194407955564339874e-01 1.072301777595769501e+00 1.038038970156642593e+00 7.528604007614427829e-01 5.922871656482391334e-01 5.133414831663382083e-01 4.880427668788743789e-01 4.735050856269855668e-01 5.331280582815924873e-01 6.118419719830040515e-01 8.775972341742614979e-01 1.138274249194159093e+00 1.274454297971836292e+00 1.158808912059896112e+00 1.041981806874557437e+00 7.201040666053064587e-01 8.262787223498260225e-01 5.225770195616978864e-01
7.748304541060380135e-01 7.782623842251052970e-01 9.864534686210757464e-01 1.152474895700070112e+00 9.594647877262729718e-01 9.228628600242598790e-01 6.536955171286581434e-01 5.182799968524043344e-01 5.425118580039933747e-01 5.193832958567452529e-01 4.722124608882591335e-01 4.792095042495881918e-01 7.124445405647409357e-01 8.738613453201364845e-01 1.019377552033016610e+00 1.112539702937312525e+00 8.828883651167355184e-01 6.607077806991954461e-01 5.876249039801146878e-01 7.431345333119266927e-01
6.590830458212321163e-01 8.267120640238343476e-01 1.104579109351796484e+00 1.227823718486152238e+00 1.302784865798813030e+00 1.122943126478943343e+00 8.925049092330089584e-01 7.499845874252770717e-01 5.006471545116064625e-01 5.202029085842764244e-01 4.230979808012663157e-01 4.512709570575762497e-01 5.944042518590088031e-01 8.125513317396153568e-01 8.318849333789234413e-01 1.042503853925476287e+00 1.048377626634618753e+00 7.228315330349551759e-01 5.002624413943287385e-01 5.255884543145575849e-01
9.373849376229810293e-01 8.856786215071889012e-01 1.201241460511000669e+00 1.398307819099992466e+00 1.351407125833271161e+00 1.319616968110617794e+00 1.079583222296316425e+00 8.991460786783254111e-01 6.269936343685550417e-01 6.899589140381756636e-01 4.897320505417299685e-01 4.682188901001867465e-01 4.457300478845979685e-01 5.899893413707220091e-01 6.414924425904096061e-01 9.154977013436649269e-01 9.397023492115805787e-01 7.132293405910721251e-01 4.842743441056384657e-01 5.235868947658939287e-01
6.145639964376338193e-01 6.707573744534364169e-01 9.392083526123997661e-01 1.267904516634651646e+00 1.584924483374482662e+00 1.772822142456469630e+00 1.419882445954792738e+00 1.214783190141309532e+00 7.568432783525946839e-01 6.791498954023887924e-01 6.450962612150937803e-01 4.708743447456487652e-01 4.408846956091110325e-01 4.587929343246661129e-01 5.026220141725105117e-01 6.385770807546146122e-01 9.647969587259962454e-01 7.413200230550225367e-01 4.037127822483010942e-01 3.230198673846909618e-01
4.908941347430635926e-01 5.489627599827069382e-01 8.575051033618421581e-01 1.044346054058612028e+00 1.639391904798657373e+00 1.611525261152628063e+00 1.297776462783808871e+00 1.352816961246502858e+00 1.171498030149470848e+00 8.848434939141831546e-01 6.241248458989128167e-01 6.366196937691854796e-01 4.792346638103108236e-01 5.242591731157230095e-01 4.090155640775178791e-01 7.331225685911086920e-01 6.793270239591912008e-01 1.060216365978736253e+00 4.513278967222419946e-01 2.262932799388525928e-01
5.144573976038898655e-01 4.636867964778335072e-01 6.795724383169976512e-01 8.415742175150114912e-01 1.185095475113511210e+00 1.547409280692345623e+00 1.584520016157299205e+00 1.792485042252945915e+00 1.330963924941861221e+00 1.271741457136872810e+00 7.419559244296490830e-01 7.011895591007016870e-01 6.849549923790422268e-01 5.689818857799248120e-01 3.719424060401362309e-01 4.551201601564300869e-01 5.770258732100389532e-01 9.460500722545891472e-01 4.852952112916908978e-01 2.753260088304850806e-01
5.217986904423186356e-01 4.885918470822180892e-01 5.519778454060132455e-01 7.792609656781609440e-01 9.558399135579014327e-01 1.187686412516583578e+00 1.595245294717925866e+00 1.694846074521020318e+00 1.384124817756356540e+00 1.396493662544507908e+00 9.788859652560871760e-01 9.591932347651233037e-01 7.073492265146815727e-01 5.445104522133404901e-01 5.044886298764906796e-01 4.055521018394273591e-01 4.245282962937956817e-01 6.354452645143101597e-01 6.726396535524350462e-01 1.499187998239492059e-01
3.566598762615939000e-01 4.330018705086371988e-01 4.588245108689865681e-01 6.675111981965928809e-01 8.764390327006095216e-01 1.038403254118804853e+00 1.250345821695475923e+00 1.235826428371851637e+00 1.299157678032568874e+00 1.318195707633082803e+00 1.305952331490532137e+00 1.271671085467422690e+00 7.151926246418935929e-01 7.033686522037361222e-01 6.255287550092871740e-01 5.755428214279885157e-01 4.477302123987642046e-01 5.190848288732479165e-01 7.588407801480812065e-01 2.233022700886829748e-01
4.467634635753630068e-01 4.327203270405857172e-01 4.322328475766219480e-01 4.852995283763091305e-01 6.232432090651770507e-01 8.915547368641305592e-01 1.105119675433950066e+00 1.045666422433253917e+00 1.031155656958980149e+00 1.000902382834113924e+00 1.154160070030577412e+00 1.062798004294064569e+00 8.660529929817093464e-01 6.901269678660716389e-01 5.042171688069428948e-01 5.467637670186900056e-01 5.251847454689605454e-01 4.382904137430649327e-01 5.540761968409602112e-01 2.750432331854867907e-01
4.771735266967296885e-01 2.631691491148586137e-01 3.873200042847096403e-01 5.695984690311430843e-01 5.837608285872442071e-01 7.263635771857526180e-01 8.588071273210621248e-01 8.104520676031435888e-01 9.870709218016227027e-01 8.903201037260298767e-01 7.030573296029576369e-01 9.271925654655185367e-01 9.442778483658532673e-01 5.962189275868137184e-01 5.874340925457046669e-01 5.802619904390678984e-01 6.455889069798863567e-01 5.738941987887427043e-01 4.763991808907404035e-01 4.918728174383149576e-01
2.919268869796188270e-01 3.348502303516152079e-01 3.961941064574580063e-01 4.451196594043660970e-01 6.110528995568145216e-01 6.693940258827008050e-01 8.188796486390578222e-01 7.174254338982912760e-01 7.451436069491178538e-01 8.051720776877102637e-01 7.272458876537019057e-01 6.573562263652650284e-01 4.937532003070323472e-01 4.317494392416544313e-01 4.558442897513645398e-01 2.337472117099368696e-01 2.784224234998771697e-01 2.290121850728168706e-01 4.215243575646056007e-01 4.303175555491999260e-01
