0.689484 -0.014459 0.428751
0.476483 0.162624 0.449488
0.586770 0.102149 0.769481
1.068768 0.678668 1.023915
1.438060 0.683633 0.752397
1.483567 0.140479 1.389489
1.163844 0.125522 1.098527
1.491083 0.317640 0.760376
1.970356 0.389628 0.631279
1.961689 0.144644 0.254462
1.823355 0.309693 0.151225
1.868743 0.171245 -0.160235
1.437345 0.781093 -0.569670
1.248269 0.429151 -0.795403
1.108745 0.233132 -0.744953
1.670774 -0.080785 -0.820339
1.503391 -0.179939 -0.791839
1.406028 0.025858 -0.967830
1.971070 0.309369 -0.651420
1.853437 0.658340 -0.661080
1.361601 0.443953 -0.126488
1.139926 1.295734 0.114152
1.949556 1.032481 0.417303
2.323108 0.665570 0.615544
2.558936 0.227190 0.385185
2.650508 0.817791 0.186861
2.431305 1.189158 -0.085800
2.026224 1.167509 -0.120976
1.971259 0.499964 -0.035002
1.168452 0.683057 -0.309909
1.342775 0.672141 -0.208439
1.129037 0.183479 -0.485355
0.871781 0.069470 -0.734185
0.855148 0.587134 -0.574637
0.395625 0.606762 -1.004597
1.051331 0.804046 -1.250838
1.309558 0.672450 -1.174746
1.876837 0.506276 -1.376205
2.620561 0.556901 -1.528117
2.508878 0.445584 -1.501028
2.646833 0.160679 -1.605397
2.448341 -0.003327 -1.875326
1.610501 0.031129 -2.069439
1.925691 -0.412504 -2.138976
1.918400 -0.344678 -2.299420
1.910517 -0.246417 -2.245133
2.450736 -0.725501 -2.828320
2.381144 -1.214003 -2.812268
2.159600 -1.524586 -2.873087
2.379856 -1.845657 -2.758474
2.254824 -1.268736 -3.020816
2.320000 -1.171255 -3.604322
1.698536 -1.233225 -3.369023
1.527831 -1.374688 -3.394583
1.530377 -1.355630 -3.295790
1.672040 -1.146433 -3.038195
1.534793 -1.167195 -3.646896
1.886021 -0.864813 -3.523450
2.062097 -0.488551 -3.273344
2.128729 0.153843 -3.081451
2.057646 0.302593 -2.701675
2.155564 0.568636 -2.718267
2.698137 0.182249 -2.875416
3.066121 0.562960 -2.909034
3.925938 0.252966 -3.011479
4.240422 -0.220912 -2.795740
3.907132 -0.328587 -2.430246
3.750647 -0.193345 -2.166711
2.918651 -0.238123 -2.143549
2.980647 0.261956 -2.218529
2.992436 0.081961 -2.173249
2.710340 -0.490590 -1.838208
2.693541 -0.259896 -1.613949
2.361263 -0.187197 -1.208869
1.897547 -0.032457 -0.792615
2.345557 0.049672 -1.164745
2.007566 0.121710 -1.080368
1.599818 -0.105825 -1.086920
1.182395 -0.745416 -0.878417
1.469907 -0.795117 -0.562867
1.460792 -0.450440 -0.599801
1.113180 -0.514758 -0.508419
0.879555 -0.639992 -0.672436
1.351152 -0.329654 -0.829762
1.392628 -0.215191 -0.596751
1.926062 -0.375350 -0.554818
1.211311 -1.208597 -0.556275
0.913065 -1.064432 -0.494078
1.363192 -1.338370 -0.238343
2.032102 -1.405084 -0.335621
1.738637 -1.456743 0.028875
1.249448 -1.299677 0.102270
0.610179 -1.236958 0.315250
0.853197 -0.482796 0.164532
0.794531 -0.346327 -0.462431
0.635271 -0.689043 -0.492473
0.545627 -0.840409 -0.344744
0.137978 -1.164410 -0.537114
0.552325 -1.242295 -0.476395
0.417952 -1.794645 -0.288381
0.063636 -1.392008 -0.495803
0.270569 -1.760419 -0.027581
0.465861 -2.329245 0.035753
0.224424 -2.168251 -0.193070
0.234005 -1.890062 0.136462
0.066304 -2.254005 0.006976
-0.590007 -2.074276 -0.466010
-0.564228 -2.180494 -0.123120
-0.862183 -2.411982 -0.028077
-0.835138 -2.001141 0.037551
-0.358328 -2.011921 -0.136263
-0.153771 -1.745932 -0.246048
-0.402331 -1.553359 -0.313232
-0.288023 -1.880650 -0.271885
-0.076669 -1.859422 -0.312956
-0.314785 -1.519305 -0.132629
0.038873 -1.148978 0.096291
-0.373976 -1.561826 0.111550
-0.305032 -1.189923 -0.133022
-0.325419 -1.093044 -0.228238
0.261204 -0.908630 -0.426471
1.198158 -0.709813 -0.421499
0.955160 -0.866599 -0.542272
-0.054643 -0.849581 -0.459668
0.170616 -0.818985 -0.482471
0.449830 -0.295839 -0.534499
0.033248 -0.426162 -0.397172
0.321234 -0.342447 -0.372978
0.299138 -0.219997 -0.136276
0.498764 -0.515553 -0.431687
1.114521 -0.494993 -0.075384
0.637120 -0.680155 -0.358235
0.938266 -1.230975 -0.003075
1.321346 -0.900911 -0.195531
1.293162 -0.765870 -0.375611
1.508690 -0.695327 -0.218006
1.913274 -0.904249 0.365808
1.765946 -0.915630 0.263471
2.040353 -1.337914 0.586506
1.381556 -1.929364 0.389045
0.174465 -2.540700 0.315377
0.028495 -2.366009 0.128681
0.379481 -1.975778 -0.269045
-0.669148 -1.711153 -0.162167
-0.534714 -1.548458 -0.336419
-0.886413 -1.547606 -0.019438
-1.721495 -1.398594 0.231251
-1.002140 -0.855336 0.026580
-1.919706 -1.261225 0.190797
-1.140082 -1.693494 0.737523
-1.305455 -1.940874 0.326120
-1.385275 -1.513315 0.310784
-1.700804 -1.454906 0.596005
-1.383739 -1.487379 0.379760
-1.418135 -1.296192 0.044075
-1.316977 -1.051611 0.239119
-1.209985 -1.301749 0.251076
-1.627034 -0.881364 0.218926
-1.867307 -1.073767 -0.028889
-2.198017 -1.046423 0.155034
-2.421694 -1.381144 0.187969
-2.415605 -1.391328 0.387360
-2.724491 -1.006637 -0.038025
-2.008271 -1.017700 -0.095609
-1.465631 -0.956630 -0.028786
-1.626449 -1.079294 0.100394
-1.340794 -1.054864 -0.231481
-1.017376 -0.987401 0.016533
-0.716250 -0.671692 -0.217537
-0.617038 -0.737152 -0.297303
-0.551376 -0.769002 -0.232595
-0.184614 -0.613152 -0.177161
-0.081288 -0.695816 -0.583397
0.485871 -0.376302 -1.082045
0.984442 -0.394376 -0.701239
0.695647 -0.137996 -0.589993
0.089495 -0.432969 -0.751204
-0.321205 -0.605479 -0.800903
-0.967925 -0.710437 -1.191601
-1.118629 -0.924980 -0.601275
-1.550979 -0.436884 -0.199922
-2.283605 -0.894900 -0.649577
-1.755864 -1.162008 -0.712762
-2.054186 -0.540825 -0.140276
-1.970629 -0.637033 -0.296211
-1.417753 -0.917763 -0.255914
-1.710782 -0.529252 -0.141535
-0.792070 -0.311093 -0.398747
-0.956221 -0.476337 -0.717366
-1.288402 0.245260 -1.040109
-2.311384 0.293434 -1.061344
-1.980432 -0.177670 -1.414031
-2.813299 -0.389484 -1.394257
-2.345587 -0.311234 -1.003791
-2.111185 -0.097245 -0.825758
-2.290606 -0.760096 -1.086674
-2.656762 -0.203731 -1.190057
-2.373667 -0.155186 -1.466129
-2.454531 -0.091853 -1.915351
-1.968977 0.342108 -1.952409
