signin({% if username %}'{{username}}'{% else %}'MATLABAPI'{% endif %}, {% if api_key %}'{{api_key}}'{% else %}'jzt0hr6tzv'{% endif %})

trace1 = struct(...
  'z', [0.547722557505, 0.59418955266, 0.630840061881, 0.659313186241, 0.680635957118, 0.695466368265, 0.704214716792, 0.707106781187, 0.704214716792, 0.695466368265, 0.680635957118, 0.659313186241, 0.630840061881, 0.59418955266, 0.547722557505; 0.657763681898, 0.696932052437, 0.728431359085, 0.753224361512, 0.771957490635, 0.785064666516, 0.792824967172, 0.795394908976, 0.792824967172, 0.785064666516, 0.771957490635, 0.753224361512, 0.728431359085, 0.696932052437, 0.657763681898; 0.738172039015, 0.77327820587, 0.801783725737, 0.824373602643, 0.841524370001, 0.853563956931, 0.86070687608, 0.8630747124, 0.86070687608, 0.853563956931, 0.841524370001, 0.824373602643, 0.801783725737, 0.77327820587, 0.738172039015; 0.79795657393, 0.8305395345, 0.857142857143, 0.878310065654, 0.894427191, 0.905763856237, 0.912498252724, 0.914732033919, 0.912498252724, 0.905763856237, 0.894427191, 0.878310065654, 0.857142857143, 0.8305395345, 0.79795657393; 0.841524370001, 0.87248179912, 0.897843220713, 0.918072515032, 0.933503385869, 0.944371078916, 0.950832073845, 0.95297600458, 0.950832073845, 0.944371078916, 0.933503385869, 0.918072515032, 0.897843220713, 0.87248179912, 0.841524370001; 0.871311467542, 0.901246302605, 0.925820099773, 0.945450977587, 0.960442075084, 0.971008312455, 0.977293221514, 0.979379228629, 0.977293221514, 0.971008312455, 0.960442075084, 0.945450977587, 0.925820099773, 0.901246302605, 0.871311467542; 0.888704629428, 0.918072515032, 0.942207568448, 0.961503924027, 0.976248546473, 0.986645522848, 0.992831448794, 0.994884876942, 0.992831448794, 0.986645522848, 0.976248546473, 0.961503924027, 0.942207568448, 0.918072515032, 0.888704629428; 0.894427191, 0.923613135728, 0.947607082959, 0.966795675182, 0.981460802132, 0.991803140441, 0.997957096947, 1.0, 0.997957096947, 0.991803140441, 0.981460802132, 0.966795675182, 0.947607082959, 0.923613135728, 0.894427191; 0.888704629428, 0.918072515032, 0.942207568448, 0.961503924027, 0.976248546473, 0.986645522848, 0.992831448794, 0.994884876942, 0.992831448794, 0.986645522848, 0.976248546473, 0.961503924027, 0.942207568448, 0.918072515032, 0.888704629428; 0.871311467542, 0.901246302605, 0.925820099773, 0.945450977587, 0.960442075084, 0.971008312455, 0.977293221514, 0.979379228629, 0.977293221514, 0.971008312455, 0.960442075084, 0.945450977587, 0.925820099773, 0.901246302605, 0.871311467542; 0.841524370001, 0.87248179912, 0.897843220713, 0.918072515032, 0.933503385869, 0.944371078916, 0.950832073845, 0.95297600458, 0.950832073845, 0.944371078916, 0.933503385869, 0.918072515032, 0.897843220713, 0.87248179912, 0.841524370001; 0.79795657393, 0.8305395345, 0.857142857143, 0.878310065654, 0.894427191, 0.905763856237, 0.912498252724, 0.914732033919, 0.912498252724, 0.905763856237, 0.894427191, 0.878310065654, 0.857142857143, 0.8305395345, 0.79795657393; 0.738172039015, 0.77327820587, 0.801783725737, 0.824373602643, 0.841524370001, 0.853563956931, 0.86070687608, 0.8630747124, 0.86070687608, 0.853563956931, 0.841524370001, 0.824373602643, 0.801783725737, 0.77327820587, 0.738172039015; 0.657763681898, 0.696932052437, 0.728431359085, 0.753224361512, 0.771957490635, 0.785064666516, 0.792824967172, 0.795394908976, 0.792824967172, 0.785064666516, 0.771957490635, 0.753224361512, 0.728431359085, 0.696932052437, 0.657763681898; 0.547722557505, 0.59418955266, 0.630840061881, 0.659313186241, 0.680635957118, 0.695466368265, 0.704214716792, 0.707106781187, 0.704214716792, 0.695466368265, 0.680635957118, 0.659313186241, 0.630840061881, 0.59418955266, 0.547722557505], ...
  'x', [-1.0, -0.857142857143, -0.714285714286, -0.571428571429, -0.428571428571, -0.285714285714, -0.142857142857, 0.0, 0.142857142857, 0.285714285714, 0.428571428571, 0.571428571429, 0.714285714286, 0.857142857143, 1.0], ...
  'y', [-1.0, -0.857142857143, -0.714285714286, -0.571428571429, -0.428571428571, -0.285714285714, -0.142857142857, 0.0, 0.142857142857, 0.285714285714, 0.428571428571, 0.571428571429, 0.714285714286, 0.857142857143, 1.0], ...
  'showscale', false, ...
  'type', 'contour');
trace2 = struct(...
  'x', [-0.9, -0.558068926357, -0.394527077151, -0.286354736374, -0.210344035266, -0.155530669648, -0.115463961571, -0.0859445123699, -0.06408797896, -0.047851953962, -0.035763573675, -0.0267484856462, -0.0200171488654, -0.0149863763955, -0.0112238585679, -0.00840829435266, -0.00630042236146, -0.00472180936098, -0.00353923317776, -0.00265313782776, -0.00198907295711, -0.00149133130281, -0.00111821119919, -0.000838484029654, -0.000628757164415, -0.00047150359883, -0.000353588668683, -0.000265167798337, -0.000198861452832, -0.000149137345916, -0.00011184769851], ...
  'y', [-0.9, -0.763227570543, -0.673762171301, -0.599868707032, -0.536176460734, -0.480287761364, -0.430796430629, -0.386741564758, -0.34740069378, -0.312196548228, -0.280649660072, -0.25235180132, -0.226949765714, -0.204134675692, -0.183634447051, -0.165208178591, -0.148641789368, -0.133744511208, -0.12034599708, -0.10829389166, -0.0974517607458, -0.0876973069567, -0.0789208189429, -0.0710238143999, -0.0639178462839, -0.0575234480637, -0.0517691985716, -0.0465908905541, -0.0419307897337, -0.0377369733009, -0.0339627384306], ...
  'name', 'steepest', ...
  'mode', 'markers+lines', ...
  'line', struct('color', 'black'), ...
  'type', 'scatter');
data = {trace1, trace2};

response = plotly(data, struct('filename', 'contour-scatter', 'fileopt', 'overwrite'));
plot_url = response.url